4 0.30859375 0.2203125 0.0609375 0.059375
4 0.27890625 0.5859375 0.0671875 0.06875
4 0.32109375 0.69765625 0.0578125 0.0609375
7 0.55546875 0.40546875 0.2890625 0.1203125
7 0.47890625 0.60078125 0.2734375 0.0984375
7 0.52109375 0.70546875 0.2546875 0.1078125
4 0.33984375 0.409375 0.0859375 0.06875
0 0.8421875 0.25 0.028125 0.065625
0 0.9296875 0.3609375 0.03125 0.0375
0 0.93046875 0.421875 0.0328125 0.034375
0 0.921875 0.6 0.040625 0.075
0 0.91171875 0.68828125 0.0328125 0.0734375
0 0.8140625 0.1265625 0.0875 0.05
6 0.565625 0.20078125 0.628125 0.1921875
6 0.6203125 0.3875 0.684375 0.184375
6 0.603125 0.59765625 0.7375 0.1828125
6 0.61328125 0.7140625 0.65625 0.175