4 0.3609375 0.9671875 0.10625 0.065625
4 0.35859375 0.86875 0.0828125 0.075
4 0.434375 0.8015625 0.075 0.059375
4 0.3796875 0.6828125 0.05625 0.046875
4 0.396875 0.5296875 0.053125 0.040625
4 0.41328125 0.47578125 0.0453125 0.0359375
4 0.43359375 0.4125 0.0421875 0.040625
4 0.39609375 0.3296875 0.0421875 0.040625
4 0.43359375 0.2890625 0.0703125 0.046875
4 0.46875 0.153125 0.075 0.06875
0 0.9765625 0.7875 0.028125 0.059375
0 0.9390625 0.69921875 0.040625 0.0296875
0 0.9328125 0.66328125 0.040625 0.0421875
0 0.87578125 0.571875 0.0359375 0.021875
0 0.8734375 0.51484375 0.034375 0.0359375
0 0.84375 0.45859375 0.03125 0.0265625
0 0.8375 0.50234375 0.025 0.0265625
0 0.86640625 0.43359375 0.0359375 0.0421875
0 0.88671875 0.39375 0.0484375 0.03125
0 0.86015625 0.3609375 0.0328125 0.040625
0 0.921875 0.3265625 0.025 0.04375
0 0.94453125 0.2984375 0.0328125 0.046875
6 0.70703125 0.14140625 0.5859375 0.1484375
6 0.6796875 0.29609375 0.5609375 0.0859375
6 0.6328125 0.33671875 0.521875 0.0765625
6 0.6640625 0.40234375 0.51875 0.090625
6 0.60703125 0.471875 0.465625 0.0703125
6 0.6359375 0.5421875 0.55 0.0921875
6 0.65859375 0.67890625 0.6265625 0.13125
6 0.69140625 0.80390625 0.6171875 0.0859375
6 0.6578125 0.88046875 0.684375 0.1203125
6 0.6484375 0.96328125 0.7 0.0734375