4 0.6390625 0.9671875 0.10625 0.065625
4 0.64140625 0.86875 0.0828125 0.075
4 0.565625 0.8015625 0.075 0.059375
4 0.6203125 0.6828125 0.05625 0.046875
4 0.603125 0.5296875 0.053125 0.040625
4 0.58671875 0.47578125 0.0453125 0.0359375
4 0.56640625 0.4125 0.0421875 0.040625
4 0.60390625 0.3296875 0.0421875 0.040625
4 0.56640625 0.2890625 0.0703125 0.046875
4 0.53125 0.153125 0.075 0.06875
0 0.0234375 0.7875 0.028125 0.059375
0 0.0609375 0.69921875 0.040625 0.0296875
0 0.0671875 0.66328125 0.040625 0.0421875
0 0.12421875 0.571875 0.0359375 0.021875
0 0.1265625 0.51484375 0.034375 0.0359375
0 0.15625 0.45859375 0.03125 0.0265625
0 0.1625 0.50234375 0.025 0.0265625
0 0.13359375 0.43359375 0.0359375 0.0421875
0 0.11328125 0.39375 0.0484375 0.03125
0 0.13984375 0.3609375 0.0328125 0.040625
0 0.078125 0.3265625 0.025 0.04375
0 0.05546875 0.2984375 0.0328125 0.046875
6 0.29296875 0.14140625 0.5859375 0.1484375
6 0.3203125 0.29609375 0.5609375 0.0859375
6 0.3671875 0.33671875 0.521875 0.0765625
6 0.3359375 0.40234375 0.51875 0.090625
6 0.39296875 0.471875 0.465625 0.0703125
6 0.3640625 0.5421875 0.55 0.0921875
6 0.34140625 0.67890625 0.6265625 0.13125
6 0.30859375 0.80390625 0.6171875 0.0859375
6 0.3421875 0.88046875 0.684375 0.1203125
6 0.3515625 0.96328125 0.7 0.0734375